
[38;2;107;49;36m╔═══════════════════════════════════════════════════════════════════════════════════════════════╗[0m
[38;2;107;49;36m║[38;2;0;0;0m            [38;2;28;11;0m"[38;2;64;25;0ml[38;2;4;1;0m [38;2;7;3;0m.[38;2;175;70;0m\[38;2;156;63;0m)[38;2;47;19;0m:[38;2;85;34;0m>[38;2;223;89;0mn[38;2;196;79;0mf[38;2;43;17;0m,[38;2;71;28;0m![38;2;184;74;0m/[38;2;138;55;0m}[38;2;3;1;0m [38;2;11;4;0m.[38;2;67;27;0ml[38;2;14;6;0m`[38;2;40;30;23mI[38;2;99;78;58m1[38;2;99;83;62m)[38;2;45;36;26m![38;2;15;13;9m^[38;2;0;0;0m       [0m                                                     [38;2;107;49;36m║
[38;2;107;49;36m║[38;2;0;0;0m         [38;2;88;35;0m<[38;2;56;22;0m;[38;2;7;3;0m.[38;2;162;65;0m)[38;2;214;86;0mx[38;2;197;79;0mf[38;2;178;71;0m\[38;2;217;87;0mx[38;2;212;85;0mr[38;2;212;86;2mx[38;2;220;88;0mn[38;2;212;85;0mrr[38;2;208;83;0mr[38;2;219;88;0mn[38;2;212;85;0mrr[38;2;170;68;0m|[38;2;214;86;0mx[38;2;216;87;0mx[38;2;145;58;0m{[38;2;18;7;0m`[38;2;82;36;5m>[38;2;145;89;47mt[38;2;199;176;130mp[38;2;197;174;129mq[38;2;93;74;55m{[38;2;20;16;12m\[38;2;0;0;0m     [0m                                                     [38;2;107;49;36m║
[38;2;107;49;36m║[38;2;0;0;0m      [38;2;18;7;0m`[38;2;14;6;0m`[38;2;0;0;0m [38;2;221;89;0mn[38;2;214;86;0mx[38;2;216;86;0mx[38;2;217;87;0mx[38;2;212;85;0mr[38;2;195;84;10mj[38;2;210;86;3mx[38;2;208;88;8mx[38;2;212;85;0mr[38;2;167;73;16m\[38;2;179;77;13mt[38;2;244;116;31mJ[38;2;240;118;37mJ[38;2;153;75;28m|[38;2;190;83;12mj[38;2;212;85;1mr[38;2;211;87;4mx[38;2;209;88;6mx[38;2;211;87;3mx[38;2;212;85;0mr[38;2;211;84;0mr[38;2;222;89;0mn[38;2;216;87;0mx[38;2;212;85;0mr[38;2;74;53;39m_[38;2;236;213;171m&[38;2;231;207;156mM[38;2;156;125;96mz[38;2;45;35;26m![38;2;0;0;0m    [0m                                                     [38;2;107;49;36m║
[38;2;107;49;36m║[38;2;0;0;0m   [38;2;29;25;18m:[38;2;0;0;0m  [38;2;199;80;0mf[38;2;222;89;0mn[38;2;206;82;0mj[38;2;212;86;1mx[38;2;211;87;4mx[38;2;212;85;0mrr[38;2;213;86;1mx[38;2;165;74;18m\[38;2;153;57;15m1[38;2;111;53;25m][38;2;180;76;20mt[38;2;198;68;11mt[38;2;161;59;13m)[38;2;197;76;18mf[38;2;190;67;13m/[38;2;154;50;10m}[38;2;159;57;12m1[38;2;171;62;14m([38;2;136;45;9m][38;2;115;44;15m-[38;2;142;62;20m1[38;2;174;74;14m/[38;2;190;80;7mf[38;2;212;86;1mx[38;2;212;85;0mr[38;2;213;85;0mx[38;2;154;72;19m|[38;2;233;209;168mW[38;2;248;229;170m$[38;2;182;145;116mL[38;2;137;110;82mx[38;2;0;0;0m    [0m [38;2;0;0;0m   [38;2;10;4;1m`[38;2;65;28;7m-[38;2;111;47;11mt[38;2;140;59;13mc[38;2;153;64;15mY[38;2;153;65;16mU[38;2;141;59;12mc[38;2;117;50;10mj[38;2;80;33;7m[[38;2;25;10;3m,[38;2;0;0;0m  [0m                                     [38;2;107;49;36m║
[38;2;107;49;36m║[38;2;0;0;0m [38;2;43;34;26ml[38;2;161;138;103mU[38;2;146;89;48mt[38;2;143;57;0m}[38;2;137;55;0m[[38;2;190;76;0mt[38;2;212;85;0mr[38;2;206;85;4mr[38;2;122;57;22m[[38;2;211;89;7mx[38;2;193;83;11mj[38;2;141;64;21m1[38;2;179;91;39mr[38;2;190;70;15m/[38;2;192;65;11m/[38;2;199;69;13mt[38;2;186;66;18m\[38;2;140;55;27m{[38;2;160;57;19m)[38;2;186;66;18m\[38;2;166;62;21m([38;2;174;64;20m|[38;2;161;61;22m)[38;2;148;54;17m{[38;2;118;44;20m?[38;2;92;38;25m~[38;2;74;31;22mi[38;2;70;30;21mi[38;2;96;49;29m-[38;2;147;70;23m([38;2;187;79;8mt[38;2;172;97;42mr[38;2;203;177;130mp[38;2;248;229;170m$[38;2;222;195;148mo[38;2;178;140;112mC[38;2;150;109;74mn[38;2;49;20;0m:[38;2;0;0;0m [0m   [38;2;0;0;0m  [38;2;24;10;1m,[38;2;145;62;8mz[38;2;229;99;17mW[38;2;237;103;19m8[38;2;233;103;20m8[38;2;199;88;17mb[38;2;172;75;14m0[38;2;166;72;16mQ[38;2;182;80;16mm[38;2;212;93;16ma[38;2;216;95;14mo[38;2;213;93;13ma[38;2;160;69;13mC[38;2;53;24;5m~[38;2;0;0;0m [0m Welcome to                        [38;2;107;49;36m║
[38;2;107;49;36m║[38;2;48;37;28m![38;2;207;182;136mb[38;2;187;163;126mZ[38;2;47;29;17mI[38;2;176;71;1m\[38;2;212;85;0mrrr[38;2;171;75;13m\[38;2;161;56;13m1[38;2;116;54;24m][38;2;168;61;14m([38;2;94;36;20m~[38;2;183;64;16m\[38;2;194;68;16m/[38;2;130;52;28m[[38;2;108;48;34m?[38;2;93;41;30m+[38;2;87;39;28m~[38;2;104;45;31m-[38;2;64;25;17ml[38;2;72;30;21mi[38;2;79;34;24m>[38;2;62;24;16ml[38;2;72;30;21mi[38;2;68;28;19m![38;2;59;26;18ml[38;2;84;51;39m_[38;2;96;71;60m{[38;2;125;101;87mf[38;2;168;143;128mC[38;2;220;196;169mo[38;2;249;229;178m$[38;2;238;216;162m&[38;2;204;173;133mp[38;2;176;138;111mJ[38;2;173;141;108mC[38;2;163;73;15m|[38;2;50;20;0m;[38;2;0;0;0m [0m   [38;2;0;0;0m [38;2;56;24;4m~[38;2;228;100;13mW[38;2;242;107;17mB[38;2;228;101;18mW[38;2;113;51;11mf[38;2;23;10;3m,[38;2;0;0;0m    [38;2;9;3;1m`[38;2;73;31;6m][38;2;179;77;11mZ[38;2;211;92;11ma[38;2;207;91;12mh[38;2;101;46;9m\[38;2;0;0;0m [38;2;1;0;0m [38;2;2;0;0m  [38;2;1;0;0m [38;2;0;0;0m [0m                             [38;2;107;49;36m║[0m
[38;2;107;49;36m║[38;2;146;118;89mu[38;2;242;222;165m%[38;2;234;212;166mW[38;2;170;89;34mj[38;2;221;89;0mn[38;2;212;85;0mrr[38;2;145;68;21m)[38;2;174;80;22mt[38;2;134;53;18m[[38;2;160;55;16m1[38;2;153;57;24m1[38;2;135;54;29m}[38;2;133;54;30m}[38;2;103;45;31m-[38;2;104;47;35m-[38;2;91;41;30m+[38;2;100;45;33m-[38;2;66;27;18m![38;2;50;18;11m;[38;2;42;13;8m,[38;2;77;33;23m>[38;2;71;29;20mi[38;2;66;27;19m![38;2;77;35;25m>[38;2;81;43;31m~[38;2;127;98;72mf[38;2;235;213;161m&[38;2;250;229;184m@[38;2;241;219;172m%[38;2;227;202;155m#[38;2;210;181;139mb[38;2;190;155;122mO[38;2;175;136;110mJ[38;2;185;150;118m0[38;2;160;121;85mc[38;2;179;80;14mt[38;2;216;87;0mx[38;2;216;86;0mx[38;2;193;78;0mf[38;2;48;19;0m:[38;2;0;0;0m [0m [38;2;11;4;1m`[38;2;223;99;19mM[38;2;245;109;15m$[38;2;234;104;21m8[38;2;47;22;7m>[38;2;0;0;0m        [38;2;11;4;1m`[38;2;169;72;13mQ[38;2;208;91;11mh[38;2;205;90;13mk[38;2;58;26;7m+[38;2;16;6;2m"[38;2;144;58;11mc[38;2;188;79;13mw[38;2;184;78;15mm[38;2;88;37;10m1[38;2;1;0;0m [38;2;0;0;0m [38;2;29;10;2m:[38;2;148;58;10mz[38;2;171;69;12mL[38;2;161;67;16mJ[38;2;57;23;10m~[38;2;1;0;0m [38;2;144;54;13mv[38;2;158;62;10mY[38;2;137;51;14mn[38;2;1;0;0m [38;2;0;0;0m    [38;2;106;37;10m([38;2;136;51;9mn[38;2;132;48;11mr[38;2;5;0;0m [38;2;0;0;0m [38;2;77;26;7m?[38;2;123;44;6mf[38;2;120;43;8mt[38;2;36;10;2m;[38;2;68;23;4m+[38;2;94;32;5m{[38;2;107;37;7m([38;2;28;8;2m,[0m[38;2;107;49;36m║[0m
[38;2;107;49;36m║[38;2;159;130;97mX[38;2;202;170;132mq[38;2;247;228;169m$[38;2;226;205;152m#[38;2;181;125;75mX[38;2;184;88;23mj[38;2;214;99;23mv[38;2;154;72;21m|[38;2;113;45;20m-[38;2;120;44;21m?[38;2;102;44;30m_[38;2;101;46;34m-[38;2;107;49;36m?[38;2;104;48;35m-[38;2;100;46;33m-[38;2;44;15;9m,[38;2;40;12;7m\[38;2;31;8;3m"[38;2;48;17;11m:[38;2;40;13;7m,[38;2;30;7;2m^[38;2;45;15;9m,[38;2;43;14;8m,[38;2;45;15;9m,[38;2;45;16;9m:[38;2;27;5;1m^[38;2;40;18;11m:[38;2;72;46;33m~[38;2;113;80;62m([38;2;163;124;100mz[38;2;179;141;113mC[38;2;181;146;115mL[38;2;145;114;88mu[38;2;101;76;56m1[38;2;62;30;20m![38;2;71;30;20mi[38;2;83;38;25m<[38;2;129;64;26m{[38;2;206;90;12mx[38;2;158;64;0m)[38;2;14;5;0m`[38;2;0;0;0m [0m [38;2;66;29;9m-[38;2;247;110;16m@[38;2;244;109;15m$[38;2;160;72;20mL[38;2;0;0;0m          [38;2;70;29;8m?[38;2;208;91;12mh[38;2;205;90;12mk[38;2;126;55;14mn[38;2;0;0;0m [38;2;4;1;0m [38;2;102;40;7m([38;2;190;80;14mw[38;2;188;81;15mw[38;2;124;53;12mx[38;2;63;24;6m+[38;2;169;70;13mL[38;2;178;75;12mO[38;2;147;64;16mY[38;2;30;14;5m;[38;2;0;0;0m [38;2;1;0;0m [38;2;147;57;12mc[38;2;161;67;9mJ[38;2;142;54;14mv[38;2;1;0;0m [38;2;0;0;0m    [38;2;110;39;10m\[38;2;138;54;8mu[38;2;136;50;12mn[38;2;5;1;0m.[38;2;0;0;0m [38;2;80;27;7m?[38;2;125;45;6mf[38;2;123;42;7mt[38;2;120;42;8mt[38;2;92;35;6m{[38;2;63;23;4m+[38;2;50;18;4mi[38;2;11;3;1m`[0m[38;2;107;49;36m║[0m
[38;2;107;49;36m║[38;2;92;73;54m}[38;2;180;147;114mL[38;2;186;151;119m0[38;2;218;192;146ma[38;2;241;220;164m8[38;2;247;227;169mB[38;2;223;202;150m*[38;2;174;147;111mL[38;2;116;84;66m|[38;2;71;32;21mi[38;2;87;38;27m~[38;2;95;43;31m_[38;2;100;45;33m-[38;2;89;40;29m+[38;2;84;37;26m<[38;2;63;25;17ml[38;2;43;14;8m,[38;2;28;6;2m^[38;2;25;4;0m`[38;2;26;4;0m^[38;2;60;23;16mI[38;2;93;41;30m+[38;2;57;22;14mI[38;2;41;13;7m,[38;2;39;12;7m\[38;2;27;5;1m^[38;2;34;9;4m"[38;2;26;4;0m^[38;2;65;37;27m>[38;2;116;84;63m|[38;2;105;64;46m}[38;2;81;29;14mi[38;2;80;27;10mi[38;2;80;26;9mi[38;2;115;45;24m?[38;2;109;35;9m+[38;2;42;13;8m,[38;2;57;22;15mI[38;2;81;36;19m<[38;2;187;80;9mf[38;2;217;87;0mx[38;2;87;35;0m>[0m [38;2;65;28;9m-[38;2;246;110;15m$[38;2;244;109;14m$[38;2;164;72;19mL[38;2;0;0;0m          [38;2;71;30;9m?[38;2;208;91;12mh[38;2;205;90;12mk[38;2;125;55;15mn[38;2;0;0;0m   [38;2;53;20;5m>[38;2;171;72;14mQ[38;2;185;80;14mw[38;2;183;78;13mm[38;2;181;78;14mZ[38;2;114;50;15mj[38;2;9;4;2m`[38;2;0;0;0m  [38;2;1;0;0m [38;2;147;57;12mc[38;2;161;67;9mJ[38;2;141;55;13mv[38;2;1;0;0m [38;2;0;0;0m    [38;2;109;39;10m|[38;2;138;54;9mu[38;2;135;51;12mn[38;2;5;1;0m.[38;2;0;0;0m [38;2;81;27;7m][38;2;125;44;6mf[38;2;123;42;7mt[38;2;55;17;5m>[38;2;0;0;0m [0m   [38;2;107;49;36m║[0m
[38;2;107;49;36m║[38;2;11;4;0m.[38;2;139;78;34m|[38;2;166;114;74mv[38;2;170;134;106mU[38;2;177;138;111mJ[38;2;184;148;117mQ[38;2;195;161;126mm[38;2;198;166;128mw[38;2;143;110;84mn[38;2;52;20;13m;[38;2;49;17;11m:[38;2;41;13;7m,[38;2;70;29;20mi[38;2;57;22;15mI[38;2;93;42;30m+[38;2;89;40;28m~[38;2;47;16;10m:[38;2;32;8;3m""[38;2;83;36;26m<[38;2;88;39;28m~[38;2;52;19;12m;[38;2;62;23;14ml[38;2;104;75;64m1[38;2;127;100;76mf[38;2;111;84;67m|[38;2;88;39;28m~[38;2;53;20;13m;[38;2;42;14;8m,[38;2;68;28;19m![38;2;31;7;3m"[38;2;25;4;0m`[38;2;33;9;4m"[38;2;108;43;24m-[38;2;116;40;14m_[38;2;30;6;1m^[38;2;25;4;0m`[38;2;60;26;12ml[38;2;145;66;15m)[38;2;151;71;19m([38;2;119;48;0m?[38;2;4;2;0m [0m [38;2;9;3;1m`[38;2;218;96;17m*[38;2;243;109;13mB[38;2;236;104;18m8[38;2;56;25;7m~[38;2;0;0;0m        [38;2;11;5;0m^[38;2;170;73;12mQ[38;2;208;91;13mh[38;2;205;90;16mh[38;2;53;24;9m~[38;2;0;0;0m   [38;2;14;6;1m^[38;2;138;57;10mv[38;2;186;79;13mm[38;2;183;78;13mm[38;2;175;75;13mO[38;2;62;26;6m+[38;2;0;0;0m   [38;2;1;0;0m [38;2;146;57;11mc[38;2;161;66;8mJ[38;2;143;57;14mc[38;2;0;0;0m     [38;2;111;41;10m\[38;2;138;55;9mu[38;2;135;51;12mn[38;2;5;1;0m.[38;2;0;0;0m [38;2;80;27;7m?[38;2;125;45;6mf[38;2;123;44;8mf[38;2;19;5;2m"[38;2;0;0;0m [0m   [38;2;107;49;36m║[0m
[38;2;107;49;36m║[38;2;147;59;0m{[38;2;216;87;0mx[38;2;212;85;0mr[38;2;190;80;7mf[38;2;172;91;35mj[38;2;168;108;64mu[38;2;170;126;91mX[38;2;141;107;82mx[38;2;60;32;23m![38;2;38;12;6m\[38;2;44;15;9m,[38;2;64;25;17ml[38;2;78;33;23m>[38;2;78;33;24m>[38;2;64;26;18ml[38;2;61;24;16ml[38;2;59;23;15mI[38;2;32;8;4m"[38;2;76;33;23m>[38;2;76;32;23m>[38;2;53;25;16mI[38;2;83;55;41m-[38;2;77;40;26m<[38;2;75;45;35m~[38;2;117;50;24m][38;2;167;138;120mJ[38;2;98;44;32m_[38;2;70;29;20mi[38;2;28;6;1m^[38;2;37;9;2m"[38;2;49;14;4m,[38;2;48;13;4m,[38;2;66;19;4mI[38;2;60;16;4m;[38;2;29;6;1m^[38;2;50;13;4m,[38;2;115;30;7m~[38;2;37;8;2m"[38;2;41;15;7m,[38;2;182;78;9mt[38;2;213;85;0mx[38;2;191;77;0mt[0m [38;2;0;0;0m [38;2;51;20;4m>[38;2;221;97;16m#[38;2;241;107;16mB[38;2;231;103;17m&[38;2;127;57;12mn[38;2;39;16;4ml[38;2;1;0;0m [38;2;0;0;0m   [38;2;13;5;1m^[38;2;77;34;6m[[38;2;183;79;10mm[38;2;211;92;13ma[38;2;206;91;16mh[38;2;91;43;13m([38;2;0;0;0m   [38;2;46;19;3mi[38;2;171;71;13mQ[38;2;189;80;15mw[38;2;161;71;18mL[38;2;110;46;10mt[38;2;180;76;13mZ[38;2;177;75;12mO[38;2;103;44;10m\[38;2;6;3;1m.[38;2;0;0;0m  [38;2;126;50;10mr[38;2;161;65;8mU[38;2;157;64;11mU[38;2;46;19;5mi[38;2;0;0;0m   [38;2;40;15;3ml[38;2;139;53;10mu[38;2;138;54;8mu[38;2;134;51;13mn[38;2;5;1;0m.[38;2;0;0;0m [38;2;81;27;7m][38;2;125;45;6mf[38;2;123;44;9mf[38;2;17;4;2m^[38;2;0;0;0m [0m   [38;2;107;49;36m║[0m
[38;2;107;49;36m║[38;2;0;0;0m [38;2;107;43;0m_[38;2;208;88;8mx[38;2;173;71;14m\[38;2;170;69;13m|[38;2;145;59;15m{[38;2;111;54;30m][38;2;81;36;26m<[38;2;83;36;26m<[38;2;30;7;2m^[38;2;50;18;11m;[38;2;71;39;27m<[38;2;155;125;98mz[38;2;75;46;36m+[38;2;86;52;42m-[38;2;71;30;21mi[38;2;67;27;19m![38;2;56;21;14mI[38;2;89;39;28m~[38;2;104;48;35m-[38;2;90;45;33m_[38;2;180;150;132m0[38;2;136;66;39m)[38;2;130;82;59m\[38;2;112;58;41m[[38;2;111;57;42m[[38;2;92;41;30m+[38;2;62;25;17ml[38;2;29;6;2m^[38;2;25;4;0m`[38;2;147;48;9m[[38;2;97;30;6m<[38;2;33;7;2m"[38;2;33;7;1m"[38;2;152;41;10m[[38;2;113;30;7m~[38;2;151;41;10m[[38;2;190;50;11m([38;2;109;49;20m?[38;2;153;72;20m|[38;2;107;43;0m_[38;2;7;3;0m.[0m  [38;2;0;0;0m [38;2;21;7;2m\[38;2;133;55;10mu[38;2;221;97;18m#[38;2;236;105;19m%[38;2;233;103;19m8[38;2;217;94;18m*[38;2;190;81;16mq[38;2;184;78;17mm[38;2;197;84;17md[38;2;217;95;18m*[38;2;216;95;16m*[38;2;210;93;15ma[38;2;146;65;12mX[38;2;42;20;5mi[38;2;0;0;0m  [38;2;2;1;0m [38;2;95;39;8m)[38;2;192;79;14mw[38;2;192;81;16mq[38;2;136;61;17mc[38;2;13;6;3m^[38;2;0;0;0m [38;2;69;27;6m-[38;2;170;71;12mQ[38;2;174;73;11m0[38;2;138;59;13mc[38;2;25;10;3m,[38;2;0;0;0m [38;2;41;15;4ml[38;2;152;61;10mX[38;2;158;64;10mU[38;2;155;63;10mY[38;2;135;54;11mu[38;2;120;46;9mf[38;2;133;51;11mx[38;2;142;57;12mc[38;2;127;50;11mr[38;2;138;55;9mu[38;2;133;50;13mx[38;2;4;1;0m [38;2;0;0;0m [38;2;80;27;7m?[38;2;124;46;7mf[38;2;122;45;11mf[38;2;16;4;2m^[38;2;0;0;0m [0m   [38;2;107;49;36m║[0m
[38;2;107;49;36m║[38;2;62;25;0mI[38;2;208;83;0mr[38;2;212;85;0mr[38;2;173;72;13m\[38;2;86;31;11m>[38;2;35;10;4m\[38;2;25;4;0m``[38;2;26;5;1m^[38;2;43;14;8m,[38;2;47;18;11m:[38;2;68;29;20m![38;2;183;152;135m0[38;2;157;130;114mX[38;2;118;66;43m{[38;2;99;54;36m?[38;2;107;49;36m???[38;2;99;44;32m_[38;2;105;48;35m?[38;2;107;49;36m?[38;2;104;47;35m-[38;2;70;29;20mi[38;2;95;43;31m_[38;2;107;49;36m?[38;2;93;42;30m+[38;2;63;25;17ml[38;2;37;11;6m\[38;2;25;4;0m`[38;2;32;7;1m"[38;2;88;26;8mi[38;2;27;5;1m^[38;2;50;13;4m,[38;2;132;36;9m-[38;2;197;53;12m|[38;2;206;55;11m\[38;2;128;36;11m-[38;2;136;50;20m[[38;2;212;85;0mrr[38;2;83;33;0m>[0m   [38;2;0;0;0m  [38;2;4;1;0m [38;2;51;21;5m>[38;2;95;42;11m([38;2;122;54;13mx[38;2;135;59;13mv[38;2;133;59;13mv[38;2;125;55;13mn[38;2;102;45;9m\[38;2;65;29;7m-[38;2;14;6;2m^[38;2;0;0;0m    [38;2;42;16;6m![38;2;94;37;8m1[38;2;92;38;8m1[38;2;74;33;10m][38;2;2;1;1m [38;2;0;0;0m   [38;2;36;14;4mI[38;2;81;34;6m}}[38;2;66;30;8m-[38;2;2;1;0m [38;2;0;0;0m [38;2;13;5;1m^[38;2;59;24;5m~[38;2;83;34;7m}[38;2;88;36;8m{[38;2;83;34;8m}[38;2;61;25;5m+[38;2;16;7;2m"[38;2;41;15;4ml[38;2;64;25;4m+[38;2;60;24;8m+[38;2;1;0;0m [38;2;0;0;0m [38;2;36;13;4mI[38;2;57;22;4m<[38;2;55;21;7m<[38;2;7;2;1m.[38;2;0;0;0m [0m   [38;2;107;49;36m║[0m
[38;2;107;49;36m║[38;2;0;0;0m [38;2;4;1;0m [38;2;158;64;1m)[38;2;218;87;0mx[38;2;212;86;1mx[38;2;183;78;9mt[38;2;154;66;14m)[38;2;151;71;26m([38;2;167;83;37mt[38;2;186;94;39mx[38;2;201;108;48mc[38;2;48;20;11m;[38;2;100;47;34m-[38;2;95;44;32m_[38;2;91;41;30m+[38;2;108;61;47m}[38;2;112;61;46m}[38;2;95;44;32m_[38;2;109;62;47m}[38;2;92;45;33m_[38;2;84;37;27m<[38;2;100;45;33m-[38;2;107;49;36m?[38;2;49;17;11m:[38;2;95;43;31m_[38;2;88;39;28m~[38;2;47;17;10m:[38;2;32;8;4m"[38;2;25;4;0m`[38;2;49;12;3m,[38;2;117;33;10m+[38;2;91;26;7mi[38;2;56;15;4m:[38;2;54;13;4m:[38;2;155;42;10m[[38;2;121;32;8m+[38;2;172;47;12m1[38;2;137;62;18m{[38;2;147;68;20m)[38;2;136;54;0m[[38;2;6;2;0m [38;2;0;0;0m [0m                                                     [38;2;107;49;36m║
[38;2;107;49;36m║[38;2;0;0;0m [38;2;35;14;0m\[38;2;167;67;0m([38;2;188;76;0mt[38;2;208;84;1mr[38;2;212;85;0mrr[38;2;215;88;3mx[38;2;244;116;31mJ[38;2;255;127;42mQ[38;2;246;126;46mL[38;2;122;63;29m{[38;2;42;15;7m,[38;2;49;17;11m:[38;2;73;38;28m<[38;2;87;40;28m~[38;2;86;36;25m<[38;2;113;55;41m[[38;2;105;49;36m?[38;2;67;28;19m![38;2;99;45;33m_[38;2;87;38;27m~[38;2;73;31;22mi[38;2;66;27;18m![38;2;85;37;27m~[38;2;27;5;1m^[38;2;25;4;0m`[38;2;37;8;1m"[38;2;72;22;5ml[38;2;95;29;9m>[38;2;40;10;3m\[38;2;25;4;0m`[38;2;28;5;1m^[38;2;189;51;12m([38;2;158;43;10m}[38;2;74;19;4ml[38;2;74;20;6ml[38;2;185;81;12mf[38;2;194;78;0mf[38;2;171;69;0m|[38;2;51;20;0m;[38;2;0;0;0m [0m   [1;32moxur:[0;33m  [32mN.N.N[37m                                      [38;2;107;49;36m║
[38;2;107;49;36m║[38;2;0;0;0m   [38;2;53;21;0m;[38;2;221;89;0mn[38;2;212;85;0mrrr[38;2;213;86;1mx[38;2;231;103;18mz[38;2;245;118;33mJ[38;2;242;114;29mU[38;2;152;67;24m([38;2;65;29;15m![38;2;65;31;16m![38;2;55;21;14mI[38;2;64;26;17ml[38;2;52;19;12m;[38;2;55;20;13m;[38;2;63;25;17ml[38;2;85;40;29m~[38;2;116;67;51m{[38;2;160;116;93mv[38;2;119;82;64m|[38;2;67;28;19m![38;2;25;4;0m`[38;2;57;16;4m;[38;2;85;25;5mi[38;2;29;6;1m^[38;2;25;4;0m`[38;2;54;15;4m:[38;2;47;12;2m,[38;2;68;20;7mI[38;2;128;35;9m_[38;2;46;20;11m;[38;2;61;25;11ml[38;2;142;63;13m1[38;2;162;73;14m|[38;2;29;12;0m"[38;2;0;0;0m   [0m   [1;32mrustc:[0m [32mM.M.M[37m                                      [38;2;107;49;36m║
[38;2;107;49;36m║[38;2;0;0;0m   [38;2;30;12;0m"[38;2;106;43;0m__[38;2;195;79;1mf[38;2;212;85;0mrrr[38;2;216;88;3mx[38;2;236;109;24mY[38;2;232;108;25mX[38;2;211;87;5mx[38;2;233;113;33mY[38;2;81;39;18m<[38;2;25;4;0m`[38;2;47;12;4m,[38;2;57;21;12mI[38;2;71;36;26m>[38;2;153;115;92mv[38;2;148;109;87mn[38;2;131;90;71mt[38;2;67;31;22mi[38;2;28;6;1m^[38;2;25;4;0m`[38;2;26;5;0m^[38;2;25;4;0m`[38;2;50;13;2m,[38;2;134;44;7m?[38;2;201;68;9mt[38;2;112;36;6m+[38;2;32;8;3m"[38;2;33;9;3m"[38;2;155;75;24m|[38;2;152;65;7m)[38;2;106;43;0m__[38;2;59;24;0mI[38;2;0;0;0m   [0m   [1;32mcargo:[0m [32mL.L.L[37m                                      [38;2;107;49;36m║
[38;2;107;49;36m║[38;2;0;0;0m      [38;2;187;75;0m/[38;2;212;85;0mr[38;2;183;73;0m/[38;2;216;87;1mx[38;2;215;88;3mx[38;2;234;106;21mX[38;2;231;103;18mz[38;2;212;85;0mr[38;2;220;94;10mu[38;2;180;84;23mf[38;2;140;76;36m|[38;2;49;14;4m,[38;2;62;17;3m;[38;2;55;23;16mI[38;2;71;30;21mi[38;2;73;30;21mi[38;2;60;20;10mI[38;2;69;20;5mI[38;2;48;12;3m,[38;2;25;4;0m```[38;2;41;10;2m\[38;2;56;16;3m:[38;2;47;14;4m,[38;2;103;52;23m?[38;2;86;37;11m<[38;2;149;64;8m1[38;2;203;81;0mjj[38;2;0;0;0m  [0m                                                         [38;2;107;49;36m║
[38;2;107;49;36m║[38;2;0;0;0m         [38;2;224;90;0mn[38;2;212;85;0mr[38;2;203;81;0mj[38;2;213;86;1mx[38;2;212;85;0mrrr[38;2;205;90;12mx[38;2;185;82;15mf[38;2;205;76;16mj[38;2;170;48;11m1[38;2;89;24;7mi[38;2;39;9;2m\[38;2;32;7;2m"[38;2;25;4;0m```[38;2;26;5;0m^[38;2;84;40;16m~[38;2;35;11;5m\[38;2;91;37;8m<[38;2;166;70;7m|[38;2;208;89;8mx[38;2;212;85;0mr[38;2;6;2;0m [38;2;0;0;0m        [0m   [1;34mhttps://oxur.ελ/[0m                                  [38;2;107;49;36m║
[38;2;107;49;36m║[38;2;0;0;0m         [38;2;32;13;0m\[38;2;41;17;0m,[38;2;3;1;0m [38;2;120;48;0m?[38;2;212;85;0mr[38;2;191;77;0mt[38;2;147;59;0m{[38;2;214;86;0mx[38;2;215;97;19mu[38;2;219;86;18mn[38;2;216;77;22mr[38;2;203;60;11m/[38;2;154;51;18m{[38;2;56;14;4m:[38;2;66;31;14m![38;2;39;13;6m\[38;2;91;37;8m<[38;2;125;54;8m][38;2;147;65;11m1[38;2;201;84;6mr[38;2;156;63;0m)[38;2;0;0;0m [38;2;27;11;0m"[38;2;50;20;0m;[38;2;0;0;0m [0m           [1;34mhttps://github.com/oxur/oxur/[0m                     [38;2;107;49;36m║
[38;2;107;49;36m║[38;2;0;0;0m            [38;2;3;1;0m [38;2;48;19;0m:[38;2;3;1;0m [38;2;0;0;0m [38;2;113;45;0m-[38;2;164;67;2m([38;2;115;63;30m}[38;2;93;45;23m_[38;2;167;84;31mt[38;2;149;66;13m)[38;2;61;36;18mi[38;2;49;38;27mi[38;2;135;56;3m}[38;2;157;63;0m)[38;2;10;4;0m.[38;2;0;0;0m [38;2;35;14;0m\[38;2;19;8;0m^[38;2;0;0;0m            [0m                                                     [38;2;107;49;36m║
[38;2;107;49;36m╟───────────────────────────────────────────────────────────────────────────────────────────────╢[0m
[38;2;107;49;36m║ [33mGet usage info with [1m(help)[0m                                                                    [38;2;107;49;36m║
[38;2;107;49;36m║ [33mExit oxur REPL with[37m [1;33m(quit)[0m                                                                    [38;2;107;49;36m║
[38;2;107;49;36m╚═══════════════════════════════════════════════════════════════════════════════════════════════╝[0m
